[data]
Owned = 1
Price = 25000
Owner = Wayne_Jackson
Locked = 0
Money = 0
EntranceX = 2129.978515
EntranceY = -1111.461303
EntranceZ = 25.191028
EntranceA = 96.156066
ExitX = 1303.080078
ExitY = 5.732014
ExitZ = 1001.027770
ExitA = 355.744812
Int = 0
World = 0
InsideInt = 18
InsideWorld = 4001
Weapon1 = 0
Weapon2 = 0
Weapon3 = 0
Weapon4 = 0
Weapon5 = 0
Weapon6 = 0
Weapon7 = 0
Weapon8 = 0
Weapon9 = 0
Weapon10 = 0
Ammo1 = 0
Ammo2 = 0
Ammo3 = 0
Ammo4 = 0
Ammo5 = 0
Ammo6 = 0
Ammo7 = 0
Ammo8 = 0
Ammo9 = 0
Ammo10 = 0
OutsideInt = 0
OutsideWorld = 0
LSD = 0
Cocaine = 0
Weed = 0
Meth = 0
Ecstasy = 0
Heroin = 0
Crack = 0
Rentable = 0
Rent = 0
Electric = 1
Lights = 1
Adress = lol
