[data]
Owned = 0
Price = 100000
Owner = 
Locked = 0
Money = 0
EntranceX = 2123.460205
EntranceY = -1112.871093
EntranceZ = 25.158420
EntranceA = 124.972076
ExitX = 0.000000
ExitY = 0.000000
ExitZ = 0.000000
ExitA = 0.000000
Int = 0
World = 0
InsideInt = 0
InsideWorld = 3
