[data]
Owned = 0
Price = 100000
Owner = 
Locked = 0
Money = 0
EntranceX = 2121.438232
EntranceY = -1110.640747
EntranceZ = 25.149524
EntranceA = 34.972118
ExitX = 0.000000
ExitY = 0.000000
ExitZ = 0.000000
ExitA = 0.000000
Int = 0
World = 0
InsideInt = 0
InsideWorld = 4
