[data]
bOwned = 0
bPrice = 10000
bOwner = 
bType = 1
bLocked = 0
bMoney = 0
bEntranceX = 2133.445800
bEntranceY = -1114.961425
bEntranceZ = 25.215639
bEntranceA = 258.195190
bExitX = 0.000000
bExitY = 0.000000
bExitZ = 0.000000
bExitA = 0.000000
bInt = 0
bWorld = 0
bInsideInt = 0
bInsideWorld = 1
bName = None
ID = 0
Owned = 0
Price = 10000
Owner = 
Type = 3
Locked = 0
Money = 0
EntranceX = 1833.778930
EntranceY = -1842.586914
EntranceZ = 13.578125
EntranceA = 269.246673
ExitX = -27.261930
ExitY = -57.952396
ExitZ = 1003.546875
ExitA = 173.678497
Int = 0
World = 0
InsideInt = 6
InsideWorld = 5001
Name = None
Level = 
Fee = 
Icon = 
