[data]
ID = 0
Owned = 0
Price = 10000
Owner = 
Type = 19
Locked = 0
Money = 0
EntranceX = 2134.503906
EntranceY = -1109.203735
EntranceZ = 25.216560
EntranceA = 272.434204
ExitX = 296.702270
ExitY = -112.070846
ExitZ = 1001.515625
ExitA = 178.601699
Int = 0
World = 0
InsideInt = 6
InsideWorld = 5002
Name = Nate's AD Center
Level = 
Fee = 
Icon = 
