[data]
Owned = 0
Price = 100000
Owner = 
Type = 1
Locked = 0
Money = 0
EntranceX = 2131.680419
EntranceY = -1116.816406
EntranceZ = 25.209325
EntranceA = 240.883041
ExitX = 0.000000
ExitY = 0.000000
ExitZ = 0.000000
ExitA = 0.000000
Int = 0
World = 0
InsideInt = 0
InsideWorld = 3
Name = None
Fee = 
Level = 
