[data]
Owned = 0
Price = 100000
Owner = 
Type = 1
Locked = 0
Money = 0
EntranceX = 2135.026123
EntranceY = -1117.342529
EntranceZ = 25.234289
EntranceA = 298.223571
ExitX = 0.000000
ExitY = 0.000000
ExitZ = 0.000000
ExitA = 0.000000
Int = 0
World = 0
InsideInt = 0
InsideWorld = 4
Name = None
Fee = 
Level = 
