[data]
Name = 
EntranceX = 0.000000
EntranceY = 0.000000
EntranceZ = 0.000000
EntranceA = 0.000000
ExitX = 0.000000
ExitY = 0.000000
ExitZ = 0.000000
ExitA = 0.000000
Int = 0
World = 0
InsideInt = 0
InsideWorld = 0
Icon = 0
CustonInterior = 0
CustomOutside = 0
