[data]
Name = Los Santos Police Department
EntranceX = 1555.177368
EntranceY = -1675.464233
EntranceZ = 16.195312
EntranceA = 272.314819
ExitX = 0.000000
ExitY = 0.000000
ExitZ = 0.000000
ExitA = 0.000000
Int = 0
World = 0
InsideInt = 0
InsideWorld = 1
Icon = 0
CustonInterior = 0
CustomOutside = 0
