[data]
Name = City Hall
EntranceX = 1478.852905
EntranceY = -1775.409179
EntranceZ = 15.517387
EntranceA = 178.891632
ExitX = 1469.498168
ExitY = -1809.449096
ExitZ = 2349.685058
ExitA = 180.771270
Int = 0
World = 0
InsideInt = 12
InsideWorld = 3002
Icon = 0
CustonInterior = 0
CustomOutside = 0
