[data]
Name = Elevator
EntranceX = 1453.162231
EntranceY = -1802.692138
EntranceZ = 2349.695068
EntranceA = 184.531784
ExitX = 1453.307861
ExitY = -1802.692993
ExitZ = 2643.300048
ExitA = 183.278533
Int = 12
World = 0
InsideInt = 10
InsideWorld = 3003
Icon = 0
CustonInterior = 0
CustomOutside = 0
