[data]
Name = 
EntranceX = 1526.879638
EntranceY = -1688.999145
EntranceZ = 13.382812
EntranceA = 169.056564
ExitX = 0.000000
ExitY = 0.000000
ExitZ = 0.000000
ExitA = 0.000000
Int = 0
World = 0
InsideInt = 0
InsideWorld = 0
Icon = 0
CustonInterior = 0
CustomOutside = 0
