[data]
Name = 
EntranceX = 1527.349365
EntranceY = -1689.801879
EntranceZ = 13.382812
EntranceA = 214.056549
ExitX = 0.000000
ExitY = 0.000000
ExitZ = 0.000000
ExitA = 0.000000
Int = 0
World = 0
InsideInt = 0
InsideWorld = 0
Icon = 0
CustonInterior = 0
CustomOutside = 0
