[data]
Name = 
EntranceX = 1529.297241
EntranceY = -1690.671875
EntranceZ = 13.382812
EntranceA = 259.056518
ExitX = 0.000000
ExitY = 0.000000
ExitZ = 0.000000
ExitA = 0.000000
Int = 0
World = 0
InsideInt = 0
InsideWorld = 0
Icon = 0
CustonInterior = 0
CustomOutside = 0
